1:0|1|2|3|4|5|6|7|8|9|10|1|11|12|13|14|15|16|17
1:0|18|19|20|21|22|23|24|25|26|27|28|29|30|31|32|33|34|35|12|36|37|38
1:39|40|41|42|32|43|23|44|10|45|46|47|48|47|49|50|51|52
1:53|54|55|56|57|58|59|60|61|62|63|64|65|33|0|48|60|55|59|0
1:66|67|4|68|69|70|13|71|26|37|72|73|74|26|16|75|76
1:77|32|43|78|79|0|80|81|45|82|13|60|27|47|83|84|85
1:86|23|87|33|60|88|89|90|32|33|91|92|93|94|95|54|96|33|97|26|98|99|93|32|43|23|100|26|101|102|103
1:35|55|104|105|106|54|107|108|60|109|110|60|111|13|112|108|113|35|55|104|105|114
1:115|116|117|118|60|119|120|121|13|122|123|115|124|125|13|126
1:127|33|54|128|129|54|55|98|130|131|132|133|134|135|32|75|32|98|136|130
1:137|138|18|139|48|32|54|75|81|140|33|0|141|55|0|142|132|48|25|33|143|144
1:140|145|60|146|147|148|26|60|149|150|151|152|153|154|155|156|157|75|157|145
1:158|159|160|161|162|33|163|48|25|164|165|166|167|102|0|168|117|118|169
1:40|42|170|171|32|172|173|174|175|54|176|32|177|178|64|179|45|48
1:132|48|81|42|180|181|182|183|32|43|78|184|68|45
1:54|0|129|185|186|187|9|60|188|189|190|191|192|26|193|194
1:195|177|196|197|32|198|199|200|201|172|32|78|45|184|48|47|49|50|202|52|203
1:32|177|39|43|23|204|44|10|205|206|207|208|209|210|47|211
1:77|54|55|212|178|179|213|45|91|81|6|214|197|48|69|215|216|203
1:217|218|219|220|177|44|10|221|32|43|222|132|48|223|47|49|224|225|226
1:227|191|228|229|227|230|231|232|233|234|176|235|60|236|237|231|41|238|239|240|241
1:0|18|242|243|32|244|9|245|246|247|26|209|248|249|250|69|251|252|253|18|75|254|157
1:42|180|255|32|43|146|256|143|185|33|32|132|48|25|257|143
1:32|177|39|43|23|204|44|10|68|205|206|207|208|209|210|47
1:258|254|259|260|261|32|262|263|75|135|264|262|254|37|254|263
1:132|48|81|42|180|181|265|182|183|32|43|78|184|68|45
1:266|86|267|60|268|269|172|117|270|271|32|272|273|274|32|43|23|263|102|103|275|273|276|72|43|273|79
1:98|277|278|279|280|281|282|283|284|285|169|0|13|286|287|288|289|286|290
1:9|277|291|246|292|293|285|294|275|295|22|235|296|75|64|297|298|299|18|300|301|302|303
1:43|304|305|306|307|308|197|64|285|169|306|309|310|306|311|160|48
1:312|178|313|314|184|0|1|2|200|13|315|316
1:139|197|32|54|75|81|317|318|319|320|321|322|323|9|142|75|48|25
1:129|180|324|325|0|326|105|55|327|328|329|25|254|13|105|254|330|105|331
1:129|105|191|60|332|333|54|55|334|79|26|328|335|336|337|129|91|112|0|338
1:55|42|32|8|25|47|54|0|65|339|340|341|342|343|33|54|344|48|317|345|346|16
1:140|347|294|348|69|349|350|351|352|353|169|140|354|347|355|37|356
1:357|52|53|54|55|358|32|177|58|59|60|61|62|65|55|33|0|48|60|55|59|0
1:48|359|33|52|303|253|360|48|69|361|362|363|364|365|366|234|364
1:367|73|160|4|368|81|369|26|95|54|279|60|370|371|37|25|372|373|374|375
1:376|377|378|379|9|380|13|381|382|383|72|253|18|316|384
1:312|178|313|314|184|0|1|2|200|13|315|316
1:68|385|386|70|387|68|25|37|68|52|372|388|389|390
1:59|25|391|317|61|392|393|141|0|394|395|322|13|396|48|55|48|397|169
1:113|54|398|49|254|399|400|75|254|42|401
1:127|33|54|129|402|403|32|98|130|404|253|79|32|293|405|320|406|42|401
1:395|322|26|383|56|0|394|396|407|408|141|392|409|48|55|48|397|169
1:0|129|9|410|33|411|9|191|33|412|413|96|414|0|415|177|416|157|13|254
1:417|33|335|418|419|420|421|43|32|23|422|423|293|34|96|48|0|9|28|96
1:227|191|228|229|227|230|231|232|233|234|176|235|60|236|237|231|41|238|424|425|240|241
1:32|98|10|54|413|426|60|111|202|33|427|26|428|132|264|429|430
1:74|431|282|33|432|98|433|294|64|60|61|121|26|434|435|436|37|191|13|254
1:146|9|437|438|439|440|441|296|0|10|442|443|444|9|437|327|13|445|297
1:217|446|219|220|64|177|44|10|221|54|365|447|48|10|54|221
1:448|449|450|47|91|24|317|54|451|16|254|452|13|254
1:453|54|454|455|33|201|456|457|48|458|49|459
1:32|43|78|68|45|47|48|460|203
1:26|177|461|339|401|48
1:140|462|463|464|32|465|466
1:467|256|468|26|469|470|471|472|379|9|209|473|25|9|467|9|210|474
1:475|69|132|48|476|20|77|112|185|33|32
0:477|478|479|480|407|52|481|273|482|483|484|20|485|486|487
0:488|117|489|490|491|492|493|113|494
0:275|495|136|29|208|64|309|496|29|497|498
0:43|294|499|64|98
0:500|501|113
0:172|502|503|32|504|505|297
0:506|507|508|293|277|64|32|509
0:296|510|511|512|513|514|136|515|516|91|517|518|519|520|521|522|523|524|525|526|527
0:527|54|528|529
0:530|32|531|60|532|177|32|533|534|530|32|308|535|177|32|536|54|537|538|368|539|32|540|472
0:541|542|34|136|102|172|543|544|32|136|545|546|547|548|172|542|242|549|227|209|64
0:306|177|32|550
0:551|32|191|552|553|554
0:117|555|503|556|551|275|227|60|557|433|558|518|136|559|560|561|177|33|559|562
0:563|32|564|546|410|565|32|566|567
0:501|568|104|487|546
0:569|135|570|208|571|534|572|573|33|574|575
0:569|576|98
0:19|577|503|578|579|580|581|582|583|565|584|48|585|565|69|586
0:485|587|588|589|590|566|591|592|29|136|593
0:9|523|594|60|508
0:555|32|177|293|32|258|595|60|28
0:596|597|598|177|32|34
0:466|503|599|32|243|23|600|26|601|602
0:293|32|603|563|604
0:32|605|43|606|607|608|609|32|610
0:579|611|136|612|613|614|615|146|256|616|30|617|618|26|60|619|620|324|621|622
0:270|623|20|624|625
0:626|172|627|628|629|52|140|29|172|630|631|632|546|633|634|635|292|52|117|636
0:637|542|242|32|520|32|570|555|172|611|508|60|638|639|640|26|641|545|32|642|643|579|95|644|410|60|645|309|98|646|523|54|647|648|296|649|650|651|652|653|643|592|654|270|173|32
0:19|655|136|656|274|95|375
0:42|657|98|48|32
0:658|659|660|483|25|512|661
0:662|663|539
0:19|91|664|177|622|33|60|665|666|52|60|667|668
0:669|52|293
0:135|489|670|592|470|671|489|542|33|60|198|672|74|551|673|172|525
0:674|32|675|676|563|565|177|26|172|622
0:69|113|414|60|677|221|678|679|680|131|136|33|681|445|131|682
0:212|683|684|26|34|685|523|48|28|9|32|686|687|98|37|9|688|689
0:32|177|528|690|54|691|169|20|32|692|693|54|694|695|32|177|445|60|696|595|269|86|697|698|242|699|489|700|54|671|699|701|32|308|32|540|702
0:569|703|628|704|705|706|707|146|708|60|709|710|485|317|69|711|26|267|578|32|177|712|713|714|32|715|716|717|69|718
0:654|663
0:592|622|719|563|177|720|654|599|20|721
0:722|32|723|191|724|725|172|726|414|43|692|32|727|54|728|729|275|659|32|512|33|730|602|538|592|731|722|60|540|172|732|54|733|734|60|726|735|736|32|528|306|737|32|738|739
0:555|172|263|661|635|172
0:740|741|742|563|177|32|743
0:744|212|136|745|43|746|32|227|746|445|73
0:32|34|747|748
0:749|750|43|335|68|751
0:212|60|752|595
0:266|753|582|293|754|33|755|582|102|656|756|664|462|127
0:757|758|578|32|177|659|273|131|296|759|19|760
0:761|762|29|654|763|43|37|764|191|361|765|324|766|767
0:98|768|576|292|26|769|32|32|43|331|365
0:569|569|770|29|771
0:507|32|772|34|525|493|773|657
0:277|32|774|775|776|32|293|264|503|777|778
0:779|780|754|781|597
0:731|117|18|75|505|18
