1:0|1|2|3|4|5|6|7|8|9|10|1|11|12|13|14|15|16|17
1:0|18|19|20|21|22|23|24|25|26|27|28|29|30|31|32|33|34|35|12|36|37|38
1:39|32|40|41|42|0|43|44|45|46|13|47|27|48|49|50|51
1:52|53|18|54|55|32|56|57|44|58|33|0|59|60|0|61|62|55|25|33|63|64
1:56|0|65|66|67|68|9|47|69|70|71|72|73|26|74|75
1:0|18|76|77|32|78|9|79|80|81|26|82|83|84|85|86|87|88|89|18|57|90|91
1:62|55|44|92|93|94|0|95|96|97|32|40|41|98|99|45
1:100|101|102|103|104|105|106|107|108|109|110|0|13|111|112|113|114|111|115
1:116|117|118|119|98|0|1|2|120|13|121|122
1:65|93|123|124|0|125|126|60|127|128|129|25|90|13|126|90|130|126|131
1:60|92|32|8|25|48|56|0|132|95|133|134|135|136|33|56|137|55|138|139|140|16
1:116|117|118|119|98|0|1|2|120|13|121|122
1:141|25|142|138|143|144|145|59|0|146|147|148|13|149|55|60|55|150|110
1:147|148|26|151|152|0|146|149|153|154|59|144|155|55|60|55|150|110
1:0|65|9|156|33|157|9|72|33|158|159|160|161|0|162|163|164|91|13|90
0:165|166|167|32|168|169|170
0:171|172|173|174|101|175|32|176
0:177|32|178|47|179|163|32|180|181|177|32|182|183|163|32|184|56|185|186|187|188|32|189|190
0:191|192|34|193|194|165|195|196|32|193|197|198|199|200|165|192|76|201|202|82|175
0:203|163|32|204
0:205|32|72|206|207|208
0:209|32|210|198|156|211|32|212|213
0:214|32|163|174|32|215|216|47|28
0:217|167|218|32|77|23|219|26|220|221
0:174|32|222|209|223
0:224|225|226|26|34|227|228|55|28|9|32|229|230|100|37|9|231|232
0:233|32|234|72|235|236|165|237|161|40|238|32|239|56|240|241|242|243|32|244|33|245|221|186|246|247|233|47|189|165|248|56|249|250|47|237|251|252|32|253|203|254|32|255|256
0:32|34|257|258
0:172|32|259|34|260|261|262|263
0:101|32|264|265|266|32|174|267|167|268|269